939.449812
1028.580844
912.207204
902.953769
1071.058498
894.839859
948.982028
947.378296
1031.819238
1006.579219
910.494988
1038.460411
1036.941419
1035.276878
932.377926
1016.240743
921.844329
950.456976
926.735344
967.936018
945.834870
1001.352580
1044.002925
1056.292908
1095.228799
971.263120
1002.497392
934.775123
971.422038
1006.415326
1122.044790
1055.815152
964.691285
1024.341081
970.639549
917.060193
1112.046138
984.346442
1003.729623
1030.835579
1023.326356
1154.319222
981.639454
947.214825
986.052114
985.265337
1012.793540
921.764953
1065.990268
927.920235
1000.388702
1012.991302
951.967471
979.528468
1106.880086
971.514176
803.407345
997.607468
964.893217
1059.005516
987.612986
974.198378
947.191593
1083.522868
1042.973456
871.984329
918.984690
977.079697
926.380249
943.089174
994.742857
964.430104
1064.766098
1018.703956
929.246755
981.598755
979.137055
1019.737502
995.950982
936.348193
1096.177217
946.411870
1064.741641
998.405077
1036.544035
995.220867
932.236668
1057.960889
945.369629
941.012881
1047.223479
900.469552
1011.715209
1004.122152
886.112274
1103.093162
945.258254
917.904688
1070.127183
893.590712
