0.247424182473171
0.375698287611876
0.486124324206825
0.220538884218285
0.640695365547279
0.155686050904674
0.004088462655963
0.585299160186955
0.746413152348593
0.312877428689808
0.037328915493426
0.480977999483486
0.083525176978564
0.468998207023996
0.466592014434508
0.492787894791948
0.975371711030753
0.476960993997164
0.288696265151966
0.458944053230650
0.633751715918783
0.145561599066409
0.341098801249296
0.266577332372717
0.475454101271465
0.723185720319088
0.548584343458642
0.056744353760587
0.662060903153587
0.614799014272488
0.882029644009567
0.765250932621543
0.834764862676523
0.357652997392149
0.919823358251807
0.807642200388267
0.359054090820975
0.472579835262804
0.278303328808493
0.965314195407679
0.169831000837437
0.801283732898278
0.952803167004392
0.224885387308771
0.236293122052617
0.992149480230062
0.237700130003878
0.492866633640710
0.373550128285492
0.498773151454325
0.902895870583473
0.256990966850356
0.047000589078278
0.735650921077638
0.456174613760945
0.587609595999829
0.785636595397487
0.839327150862751
0.791136557369689
0.956699698335345
0.793784263259583
0.481327879633771
0.153410919752348
0.794073156424439
0.111461525384508
0.693334654426685
0.077135270727055
0.890900944089662
0.289342903084607
0.463157254743725
0.391879457211510
0.171073730073876
0.940342468877946
0.313624401377588
0.669035322605172
0.224273861999261
0.598616562169449
0.538603931346128
0.216129348605234
0.140184073528545
0.690593202518482
0.658999809091594
0.526673023554373
0.762428571187173
0.263367274064081
0.917244029812006
0.776098283704918
0.116853778278572
0.541614432293410
0.085668316674300
0.452585468386438
0.249631611920059
0.698199912855487
0.046725377087106
0.327812246622043
0.158804948351887
0.573229129869292
0.663502919212809
0.774085531251786
0.886517200775681
0.073082667961289
0.480243588506732
0.461976209322358
0.216335989546527
0.728119528885654
0.515451941148265
0.737071207712263
0.108316962637228
0.914130076846151
0.997316109446275
0.444113721958381
0.456965390351289
0.388727814314738
0.227698860831550
0.494345948153922
0.257480644260437
0.867373960460244
0.164616169952275
0.325195378300855
0.871095970246364
0.896680486110235
0.664074908329880
0.053325353335233
0.604218032454822
0.147530070679908
0.306687815974354
0.012528069210606
0.591452306043461
0.178783181141303
0.998678485768276
0.857249291671457
0.027043301931279
0.923004733900878
0.298240375669621
0.011179305188374
0.288650747500259
0.852593431314805
0.510326618963637
0.454941543677078
0.543386808330917
0.861690585229377
0.311781116111575
0.519376999022504
0.308288870220555
0.725142555005262
0.639562112256900
0.113783100001118
0.426720384333641
0.884577813951226
0.720264284850189
0.343377841956635
0.674957183328581
0.998099487816316
0.887788200769155
0.159369713679646
0.628976160062571
0.466196893276958
0.881426881419064
0.926497302299559
0.778941762632621
0.278428991920244
0.381406270297597
0.864527583098777
0.245231174565962
0.936074468416282
0.662872080492524
0.182415139228290
0.560209943643122
0.519241268140387
0.098063057304156
0.697135868875878
0.595170021265334
0.130975744980557
0.231969348934171
0.804156223719196
0.797956484019164
0.621071880646967
0.661856127364903
0.910575691688624
0.236519437387056
0.518242106313561
0.920771236619502
0.631169079068437
0.100324532822784
0.000223196215762
0.918832954429593
0.525280759628648
0.833483882170292
0.118594194527360
0.995010079213332
0.394379309101403
0.885678508749181
0.765940928880459
0.659847392877734
0.745042709051790
0.291552098903373
0.051068037380109
0.381688208163652
0.454927806316559
0.175580627618829
0.264087522261763
0.472536717870079
0.954057670190551
0.009902814912982
0.574860770986446
0.261595548286347
0.307230761617375
0.072137834758268
0.181982794329005
0.942478927282999
0.940918308357928
0.896921358379253
0.537678631034619
0.670998519536698
0.036236397741639
0.962729369661005
0.070527878877879
0.745702524987805
0.615599546668464
0.421417055200509
0.647896297538363
0.879412584432994
0.063761410892766
0.951112751266505
0.619737238512005
0.208415034553649
0.936271102005894
0.879264549801777
0.408392312279114
0.602652133982034
0.118697365803555
0.391257813118582
0.917096981124042
0.128091853209961
0.073090742897207
0.540621749433383
0.626630218177562
0.087238896880383
0.647342359541415
0.006718922325575
0.366456298008391
0.262802129722522
0.774248184539434
0.020764574053433
0.522291044677758
0.898253648758323
0.180172383356766
0.586903652865698
0.922842892490155
0.112141722772705
0.766928773062995
0.614940464181538
0.741429528958248
0.232077362747657
0.707818699701908
0.443212099969224
0.955519662704950
0.127874640544691
0.093700339658121
0.184666843618711
0.509019297297448
0.294031273813280
0.001579276524558
0.658131110322387
0.966204401736620
0.208103044823028
0.381565600432954
0.283784707689762
0.046075198777325
0.327306266512120
0.030998068111719
0.307021515561561
0.723562840728091
0.854943476713614
0.640755532519083
0.709776467947355
0.677823864490409
0.979285721685662
0.313457900570890
0.295112826480174
0.221376555626824
0.859030272130938
0.907924747627340
0.416353397688385
0.105323688684537
0.490612367243025
0.959385567640265
0.154788503793843
0.506056383746671
0.146021930952878
0.339209322971854
0.804024771187473
0.800429074559461
0.762163482995306
0.559104158135196
0.718697577036429
0.522278902263445
0.411525720424181
0.688170509377555
0.075461050099294
0.769480519015243
0.427843435119078
0.834870223942849
0.000396200022041
0.434351486611473
0.292996730384861
0.679705840183275
0.671925929314245
0.864686681740405
0.083399787018241
0.665157026870391
0.402729369223056
0.533944775212333
0.651251862892400
0.943133853735208
0.706188169445895
0.586462537335123
0.149968747772652
0.846367221204972
0.848096920689645
0.003741142807137
0.590089065293768
0.740232899872398
0.784621398003080
0.046781928958058
0.585151083835262
0.524648504879193
0.770958347757810
0.725575925199918
0.762430325162281
0.066637639725943
0.056015538118873
0.076735120009348
0.985682919616104
0.658726933805039
0.864838466305960
0.656936103692057
0.048082160786104
0.479012145874257
0.258033520506838
0.685251008851663
0.451352964982156
0.138491240228310
0.019777831344424
0.730880961401036
0.642781581952200
0.518810452256474
0.083629283553862
0.826209599228502
0.407693294908046
0.727446121424638
0.047980679751310
0.659022425556998
0.152580394011191
0.652794882451290
0.485386060806193
0.604658104939218
0.182639893217091
0.107812759141734
0.619399906865449
0.412863939550248
0.808308495006664
0.727573024348392
0.375499557260421
0.412453336202824
0.225712417407317
0.635777154712580
0.194859753765839
0.173014429312268
0.737309792770241
0.925169334822468
0.290881505093028
0.842580479454783
0.793011269480339
0.650394086301209
0.710597277716861
0.309687747192837
0.961843082446208
0.976776206035537
0.211809629452721
0.909107040281779
0.154537468877504
0.212718628068283
0.555989154026145
0.788265851807884
0.333268331692617
0.774874448708351
0.357060012551584
0.122944501792873
0.851877040542530
0.089545338880249
0.793832390051081
0.042830442108244
0.052704393423943
0.198976998875782
0.900528768465765
0.774288213184592
0.083874832511349
0.227242133811704
0.556863654891467
0.260907190048323
0.710292428845428
0.866017115005963
0.034336486511853
0.526804048384612
0.445882790056635
0.891250533383217
0.780648937047783
0.211848192975786
0.676981419442935
0.409159825512466
0.820016815546037
0.745986169833379
0.027524312648672
0.691797664414041
0.391464021612155
0.758526905288092
0.322797044841229
0.027402581299143
0.619825468518050
0.196375518636332
0.234757037520368
0.687377253987010
0.735012809946707
0.920492479546889
0.223120857117161
0.371504480128948
0.725160132148922
0.931533679530156
0.118608747164453
0.607506858760794
0.965142712880216
0.032217266040626
0.649776190343367
0.648391298519398
0.329050751957926
0.080681736284946
0.717524693598384
0.636972367881287
0.196233718483496
0.876567563152361
0.006415524030673
0.948910991680494
0.022035089433551
0.860679761328726
0.910167701068068
0.608045192619614
0.125999320032111
0.483693931798801
0.554484530983022
0.052494339568372
0.214389384027913
0.869492239861540
0.729227067458029
0.859473869711940
0.367465509342090
0.791004624938715
0.004576206530340
0.948387358315355
0.937584975206916
0.223104436395215
0.739548028896496
0.065981186418965
0.663323001716221
0.386568031922405
0.756151387141204
0.518864807929711
0.557408984693569
0.311431645467970
0.429444249658962
0.163338973127529
0.423591517038849
0.944495391876839
0.578049341343072
0.004451197510365
0.409909905543658
0.400227822917219
0.309411129959057
0.478931102063102
0.742124461754500
0.688343049175672
0.705432325575501
0.736202763960151
0.486653400916780
0.848279848297517
0.479830113377422
0.018010990746684
0.626495367918136
0.472146760323943
0.104905856979644
0.752370774978753
0.312218369409490
0.924673217226456
0.736351483247343
0.051196293780721
0.969766274661661
0.794077288241974
0.738063725949446
0.498992892736660
0.968232455300905
0.160866540672929
0.355762062826902
0.391538954010121
0.064204550464710
0.740927568286955
0.327197768878611
0.129955773328286
0.364215439944210
0.894125152501570
0.258978355865969
0.000501389569103
0.363069971153819
0.820395814249256
0.809962899233442
0.230947859336682
0.741286338555047
0.687265504679979
0.300352230492355
0.656997823783482
0.835563778424840
0.959165148941035
0.196934939425541
0.207876519182709
0.476926449112764
0.221025499715278
0.690623087468126
0.632370612394560
0.792771063582926
0.977006268036406
0.443784211614532
0.724367716653674
0.454188577039619
0.177140379524490
0.496827054890357
0.310007890346101
0.309049877781316
0.048237243110757
0.347775313275248
0.208030240799698
0.343052086896794
0.896715579619114
0.878776145772990
0.983634816816654
0.914291606900738
0.990618148294397
0.720980910913447
0.920350103424877
0.930734730735772
0.307602254078100
0.348107684232645
0.540540052148863
0.834006335686128
0.497617029815170
0.794780003549033
0.009487048673252
0.527285397400343
0.261501202604459
0.564861304759356
0.353485566480289
0.657312859228934
0.415928599362939
0.445508561653017
0.360143457496665
0.278478334629811
0.174146980023870
0.104470446789944
0.493775893507405
0.394651566241797
0.260302401126194
0.433075577170437
0.570758624827691
0.168213880205006
0.358286688801327
0.914831631134885
0.816109969188915
0.927477650179494
0.729245876452486
0.589944571277120
0.501223802802021
0.222399387501568
0.635539105143140
0.791461131978233
0.257119299230477
0.194809045143895
0.701208611165830
0.217977902248751
0.737853219182858
0.235331761034599
0.696451320052674
0.441188616794311
0.024747527971309
0.225506759353174
0.963876147039796
0.207167478383349
0.027898685912283
0.751438324266482
0.436207463669779
0.221580094028199
0.072445535126639
0.330892394972158
0.639989035799671
0.449134405040685
0.140395422532526
0.677244620902791
0.834226184569347
0.015959243408810
0.999129896626006
0.931153481335851
0.478874116123489
0.548310447010188
0.744378987209327
0.034245224990411
0.303277494899088
0.680079993578512
0.859782814140502
0.016655562060273
0.714999570866988
0.275714178205385
0.936951523982223
0.214187032504125
0.733636430272246
0.271121577820513
0.259060380450565
0.787380289763360
0.197351674048739
0.094713425253844
0.937561176275180
0.472881281946367
0.698431042017968
0.737689254860338
0.362339386013244
0.689484715757079
0.835687589697905
0.638827190443514
0.322958012919544
0.363458203417537
0.578634542383582
0.762193822745933
0.877205737304486
0.352542505997185
0.328980809293022
0.303416723808302
0.498354564943493
0.257278671503649
0.467180305082070
0.771221035052005
0.551988826363749
0.018424738840257
0.077902198901953
0.338985658157844
0.860453235339852
0.536541884537261
0.243411957118996
0.428727225620562
0.094947374281339
0.598974515002008
0.961931156483084
0.485222565274243
0.216744269583500
0.495517861784496
0.168264553023706
0.814389077810135
0.933542523226697
0.576644421966347
0.142181016442096
0.303048853256689
0.135292392628099
0.336379501116722
0.377331119273784
0.219250792115194
0.805210244116459
0.723070900396826
0.778517757012155
0.040342430083710
0.140692415894338
0.850477272963296
0.093726042149125
0.034701173819124
0.223041684892714
0.152385567248080
0.142953463679442
0.290736210891268
0.730514928508658
0.906704582602611
0.673413113869064
0.253793703322339
0.921746743498496
0.568413512295702
0.939229206218933
0.642319554894636
0.500633513308434
0.480661297726417
0.734675471086861
0.097075563888033
0.236506645023287
0.786745044775261
0.772496092868432
0.946568193187235
0.727718868370822
0.666268831335061
0.100118399187237
0.712750489491484
0.567922817004568
0.570416848483771
0.701949211700891
0.428595829021737
0.725398269962584
0.489840493566715
0.866197117576641
0.197402040139411
0.640219645648808
0.474769394303910
0.917275260981607
0.382048102249805
0.668955757165423
0.366853618515454
0.912444792166305
0.740768416071997
0.026478320173681
0.272659692767394
0.937546871283448
0.145040998972846
0.316585672467786
0.594967589019476
0.817744616166500
0.516556691311453
0.860632167510141
0.932525068476422
0.943057145061775
0.439538780818463
0.660975646925009
0.700240833951751
0.346324734243384
0.411232668951376
0.935549007979997
0.385233120022013
0.122249268895977
0.382305933960253
0.938592512078090
0.649633749878675
0.989836203377908
0.247930731011048
0.263035306448851
0.763427801613703
0.746027058535565
0.842448411904503
0.069980136410062
0.015091506018612
0.557040554686185
0.492873186600113
0.256512832274290
0.688249693574964
0.169637485411137
0.158028337033678
0.373884515392697
0.020964044095930
0.422116407410538
0.404876198944534
0.972070217973931
0.332094744695934
0.807979683852336
0.517083882416627
0.375162709513321
0.599943122578784
0.199085181777572
0.421222945645729
0.534704686999644
0.376463367075023
0.790389397841350
0.375735937138580
0.950288794888261
0.512577210339179
0.044460696836488
0.069358956762528
0.725976578809138
0.832320270665469
0.248131968796658
0.264700866555864
0.479700255972130
0.134817282527059
0.301952626500611
0.842581509040310
0.912702118376357
0.826911997751850
0.760401918463149
0.267684088375403
0.985708336252341
0.563389157560508
0.897301175927409
0.422065266625734
0.816159060296453
0.150880793109790
0.254468969305609
0.252977033812478
0.424098464540609
0.432698573843772
0.613943231861932
0.474701736592758
0.685349652989152
0.017643094066530
0.235383567292502
0.350294392081614
0.917924192235528
0.798503512238603
0.869376596495578
0.403436130285826
0.123158898606025
0.646871002928475
0.655655633229524
0.686192619939511
0.188950310972881
0.612585239545218
0.111420692477391
0.862105873404894
0.407452194509967
0.266660999049467
0.929542047639064
0.514239768090127
0.744943849814468
0.474373519834512
0.114932561272831
0.875341967072336
0.083654158091221
0.041096667248590
0.545098227384884
0.728643862798656
0.121108959933800
0.747659249728376
0.209252682949831
0.753200273810586
0.978421729866231
0.653294688631355
0.485141536571409
0.899642061065907
0.438607227928815
0.021667036663588
0.087167512420637
0.739455697053370
0.206093263082358
0.044609208508469
0.978521788375289
0.522548983016394
0.158286042944868
0.144835993905232
0.837040732159551
0.513316288132250
0.448786527136098
0.824643795314609
0.903307280578145
0.900099448390774
0.650387813001236
0.385581783519961
0.082620876360970
0.845987505403418
0.132845261451341
0.426451489304717
0.416511070467341
0.071194265591953
0.936298699776987
0.799444494188893
0.836916814416282
0.915693159903082
0.115944423487223
0.071434636069204
0.156270147483057
0.242706275191536
0.824687684534458
0.982030581232748
0.497353735056155
0.662139631542412
0.561759448618853
0.712002088283740
0.737746167798932
0.502368690239369
0.360969886046487
0.122408711261075
0.139527394822816
0.596664559367649
0.311526719695167
0.073651300900755
0.285031641671423
0.986825995359868
0.103577747844400
0.979767418155455
0.757051396654545
0.760515977858649
0.222784034711555
0.863870258421011
0.969673712844777
0.637189924221449
0.125302555628972
0.001045238979840
0.805525039319700
0.037595565927485
0.748122491010852
0.282213181579803
0.973698364830701
0.999450658295803
0.801411578162680
0.426836344616737
0.666581637038728
0.059899765893532
0.122401044784811
0.717904649988890
0.584759388074918
0.222170987365723
0.687947807539622
0.540140215840849
0.517161996723446
0.211016441575853
0.321085387887537
0.850339966764970
0.415782326758323
0.014326764537558
0.197797322987413
0.188295052851765
0.939679153168498
0.540387214173581
0.355380347976202
0.023529545199609
0.394487267456401
0.431888856921093
0.831498457873991
0.616000356173500
0.187716850246814
0.288656378648686
0.949331579085399
0.019172107451425
0.303745512395847
0.742915565283943
0.823094808470594
0.040585873500087
0.097115129153884
0.037341569918620
0.612691212689263
0.546329007545739
0.249556574896190
0.307663168993749
0.595985029428961
0.505539952976848
0.988957781975385
0.993352486052354
0.927320437033502
0.563117576665260
0.745723002341402
0.282289940365265
0.291480712638827
0.597521339380055
0.215334780132852
0.455746910243082
0.584768879108366
0.945315664630002
0.158395370794899
0.636729726136662
0.409558992821180
0.022098017881532
0.670427178960993
0.661848130921636
0.227330859766904
0.084507878272933
0.994310880090188
0.220102842842343
0.129827920442019
0.415520088304833
0.805421458400484
0.955415580646187
0.276008648880251
0.895079353284447
0.094829085821263
0.783409755925828
0.469357355465327
0.992536668890667
0.342757340620531
0.340764669143341
0.221250223626763
0.105208770126448
0.377572828066409
0.931283398346100
0.104883142167015
0.918503267627711
0.939257555014187
0.834059979467825
0.736883616720153
0.290467044521444
0.293719087822259
0.937143041053811
0.077957447125687
0.266037677207598
0.796296770768255
0.539693755566832
0.409193924041045
0.921172433355015
0.296060401960278
0.044829021503404
0.951455857829195
0.720648874058775
0.121167708607570
0.423894359123896
0.716330647688539
0.152823169625706
